#     id           name           mass (kg)               X (m)               Y (m)               Z (m)            VX (m/s)            VY (m/s)            VZ (m/s)
      10            Sun  1.988409424446e+30 -1.358873422159e+09  1.632083119108e+08  3.031609484911e+07 -6.972270317575e-01 -1.574083769173e+01  1.399409747826e-01
     199        Mercury  3.300999894895e+23  4.402246610946e+10 -4.104063334823e+10 -7.499510121434e+09  2.310603918660e+04  3.834062362943e+04  1.015107909039e+03
     299          Venus  4.867304720951e+24 -8.883389200501e+10  6.236360869498e+10  5.931723248850e+09 -2.043310825462e+04 -2.873149578833e+04  7.849195249943e+02
     301           Moon  7.345787519488e+22  1.471969755074e+11 -2.611139092581e+10  1.872376215540e+07  4.401687377707e+03  3.015693276072e+04  8.116558596247e+01
     399          Earth  5.972167056523e+24  1.468469804244e+11 -2.626164986344e+10  3.099741617835e+07  4.747550021185e+03  2.918624914369e+04 -2.384259075274e+00
     401         Phobos  0.000000000000e+00  1.872313801706e+11  1.004656034724e+11 -2.497063698682e+09 -1.125004994978e+04  2.539664410910e+04  1.223654058097e+03
     402         Deimos  0.000000000000e+00  1.872386538375e+11  1.004454740716e+11 -2.501488704124e+09 -9.567453659378e+03  2.441784443324e+04  4.291961219444e+02
     499           Mars  6.416907479232e+23  1.872237450819e+11  1.004617232931e+11 -2.493475791614e+09 -1.045240703904e+04  2.344824839108e+04  7.482820644806e+02
     501             Io  8.929646795249e+22  7.393841887169e+11  2.792869240153e+10 -1.663953460488e+10 -1.790908803330e+04  1.562348292499e+04 -2.371887753817e+02
     502         Europa  4.798572704574e+22  7.396823303040e+11  2.809303959567e+10 -1.662612330495e+10 -1.239116915435e+04  2.055841054840e+04 -5.758181805386e+01
     503       Ganymede  1.481478294021e+23  7.385379729855e+11  2.822461231526e+10 -1.663894402861e+10 -7.869865639350e+03  5.580188159777e+03 -4.510252888283e+02
     504       Callisto  1.075660636548e+23  7.411971762875e+11  2.731472268897e+10 -1.663644367548e+10  2.129124485408e+02  2.188330363607e+04  2.277358443732e+02
     505       Amalthea  2.466175673964e+18  7.393381378223e+11  2.732915997556e+10 -1.666255717964e+10  2.576406506935e+04  1.366374387911e+04  2.442474236775e+02
     506        Himalia  2.270679561000e+18  7.306291143943e+11  3.198654825833e+10 -1.158284454170e+10 -2.778862269597e+03  1.099198969042e+04 -4.560196817270e+02
     507          Elara  0.000000000000e+00  7.285738317498e+11  2.629109957602e+10 -1.075660416564e+10  4.608884366901e+01  1.065237144838e+04 -5.182212272766e+02
     508       Pasiphae  0.000000000000e+00  7.280426893872e+11  1.259683104235e+10 -1.782784387594e+10 -1.549958754131e+03  1.617328492963e+04 -1.047502006748e+03
     509         Sinope  0.000000000000e+00  7.135330945814e+11  3.724771637254e+10 -2.500305424979e+10 -3.166481169518e+02  1.550659529495e+04 -4.923531745601e+02
     510       Lysithea  0.000000000000e+00  7.501796875936e+11  2.862685355538e+10 -1.421503746913e+10 -1.601046089254e+03  1.671875078171e+04  1.256669810506e+03
     511          Carme  0.000000000000e+00  7.299534290170e+11  4.139003852108e+10 -1.212937172672e+10  2.028813790865e+03  1.504892727992e+04 -2.282140657752e+02
     512         Ananke  0.000000000000e+00  7.527702846350e+11  2.074376640650e+10 -8.025023289337e+09 -1.672573053639e+03  1.105869557106e+04 -9.176503211051e+02
     513           Leda  0.000000000000e+00  7.318985484520e+11  3.221225524863e+10 -1.980706136028e+10 -2.917385233077e+03  1.074559200927e+04  1.368867665007e+03
     514          Thebe  4.509835223956e+17  7.394231606742e+11  2.771828719429e+10 -1.665049474890e+10 -2.268587992458e+04  2.231276174843e+04 -1.343541719397e+02
     515       Adrastea  1.498284127560e+15  7.393538489821e+11  2.738284245511e+10 -1.665942699872e+10  3.056755643506e+04  1.742470510120e+04  5.439072500507e+02
     516          Metis  3.745710318900e+16  7.394554046847e+11  2.745929372829e+10 -1.665521356563e+10  1.209720784314e+04  4.256339161851e+04  1.180838200862e+03
     517     Callirrhoe  0.000000000000e+00  7.189349236179e+11  4.619197526545e+10 -2.943484989840e+10 -9.380039235020e+01  1.517778487690e+04 -7.564389346407e+02
     518       Themisto  0.000000000000e+00  7.392076172920e+11  2.107058032842e+10 -1.024139805765e+10  2.599002479950e+03  1.415965849594e+04 -1.846710981504e+00
     519      Megaclite  0.000000000000e+00  7.105319161409e+11  2.314068054279e+10 -1.747243533867e+10 -1.229520578833e+03  1.522827960758e+04 -9.895246093715e+02
     520        Taygete  0.000000000000e+00  7.226866095108e+11  3.949774487586e+09 -1.469855527008e+10 -1.849034058532e+03  1.492540632103e+04 -5.163570346593e+02
     521       Chaldene  0.000000000000e+00  7.211329016879e+11  3.949890784049e+10 -1.005891054935e+10  3.112318540612e+01  1.594645565396e+04  1.983878250086e+02
     522      Harpalyke  0.000000000000e+00  7.474045306871e+11  1.186268855635e+10 -1.304278893748e+10 -2.690386387245e+03  1.248811559941e+04 -1.586405018281e+03
     523         Kalyke  0.000000000000e+00  7.321647967541e+11  7.989100847914e+09 -2.166965599042e+10 -2.740973869971e+03  1.501438621708e+04 -1.294245059771e+02
     524        Iocaste  0.000000000000e+00  7.573856628169e+11  1.993110225391e+10 -1.506059394851e+10 -2.185192796974e+03  1.189283433917e+04  1.156277969424e+03
     525        Erinome  0.000000000000e+00  7.312497380925e+11  1.175685344774e+10 -1.571501347622e+10 -3.389492240929e+03  1.448168140590e+04 -7.218696988405e+02
     526         Isonoe  0.000000000000e+00  7.276740087987e+11  4.865260562200e+10 -1.037839902768e+10  1.303238843359e+03  1.447518661557e+04 -2.923011841425e+02
     527      Praxidike  0.000000000000e+00  7.341646039439e+11  3.776370719497e+09 -2.898758813152e+09 -2.185438616994e+03  1.432495910363e+04 -1.586958943627e+02
     528        Autonoe  0.000000000000e+00  7.399360025341e+11  5.538325690645e+10 -3.091756599947e+10  9.083859798637e+02  1.398485029384e+04  2.500524401065e+01
     529         Thyone  0.000000000000e+00  7.237606787882e+11  2.760138462192e+10 -8.220231522989e+09 -1.010886598786e+03  1.636289310843e+04 -1.023128968716e+03
     530       Hermippe  0.000000000000e+00  7.234622880207e+11  9.340490467759e+09 -1.560819182241e+10 -1.964597613527e+03  1.492341017110e+04 -1.132479198549e+03
     531          Aitne  0.000000000000e+00  7.547415153699e+11  5.121469995454e+10 -1.158594886877e+10  5.316982894345e+02  1.230661110281e+04  2.676426254759e+02
     532       Eurydome  0.000000000000e+00  7.501217638969e+11  1.685413303112e+09 -2.153219203905e+09 -1.849384646949e+03  1.273472692239e+04 -1.135838614483e+02
     533        Euanthe  0.000000000000e+00  7.190437057268e+11  3.174955806122e+10 -1.000599873593e+10 -9.360649030201e+02  1.583117509890e+04 -1.028840576634e+03
     534        Euporie  0.000000000000e+00  7.305798479868e+11  1.136216889267e+10 -2.707749816757e+10 -2.402595782593e+03  1.500134327936e+04 -7.188364474038e+02
     535       Orthosie  0.000000000000e+00  7.432137258511e+11  3.919664117674e+10 -2.255630100311e+10  2.040139639751e+03  1.160638482963e+04 -1.044298313399e+03
     536         Sponde  0.000000000000e+00  7.210282099752e+11  4.905706686537e+09 -1.890860184595e+10 -1.515968311882e+03  1.493450342256e+04  9.525627645851e+02
     537           Kale  0.000000000000e+00  7.528481477550e+11  4.023462257996e+10 -1.230091140859e+10  1.084292655196e+03  1.149849351694e+04 -3.529812848936e+02
     538       Pasithee  0.000000000000e+00  7.562009368660e+11  3.471237632157e+10 -1.338078596435e+10  9.360126789044e+02  1.138142306934e+04  6.353680468519e+02
     539       Hegemone  0.000000000000e+00  7.244702795610e+11  1.357409239360e+10 -2.097684937016e+10 -1.152221367810e+03  1.613637684741e+04 -7.312518912743e+02
     540          Mneme  0.000000000000e+00  7.401932517977e+11  9.270858306921e+09 -1.552117602949e+10 -2.907452704421e+03  1.280764450347e+04 -1.363035818750e+03
     541          Aoede  0.000000000000e+00  7.519026658180e+11 -2.705332141224e+09 -2.114019384044e+10 -1.568930350006e+03  1.273169507295e+04  6.533868985948e+02
     542      Thelxinoe  0.000000000000e+00  7.301302757633e+11  1.232563452408e+10 -1.552606399127e+10 -2.593065427812e+03  1.509438753716e+04  1.475945464899e+03
     543          Arche  0.000000000000e+00  7.662347344551e+11  2.575983207803e+10 -1.039660160137e+10 -5.329380784630e+02  1.169288174477e+04  1.268069125057e+02
     544     Kallichore  0.000000000000e+00  7.127987723166e+11  2.271249441179e+10 -2.255850545731e+10 -9.158339620669e+02  1.563020120488e+04  1.512980424601e+02
     545         Helike  0.000000000000e+00  7.606813566406e+11  3.142786510365e+10 -1.202104125685e+10  7.196316849001e+01  1.156998806150e+04 -8.383265331173e+02
     546          Carpo  0.000000000000e+00  7.219491091456e+11  1.812463054565e+10 -2.972934893427e+10  2.124305467346e+01  1.257258298832e+04 -1.363156167341e+03
     547       Eukelade  0.000000000000e+00  7.469439701773e+11  1.068515344446e+10 -1.798795621368e+10 -3.250653763543e+03  1.295013339315e+04  8.103638815943e+02
     548        Cyllene  0.000000000000e+00  7.361847714519e+11 -4.879744691768e+09  1.504550104592e+08 -1.762928291649e+03  1.350374838278e+04 -4.022168216577e+01
     549           Kore  0.000000000000e+00  7.426259595970e+11  6.733017168565e+09 -2.461405928250e+09 -2.574322106939e+03  1.335340691360e+04 -8.499093162151e+02
     550          Herse  0.000000000000e+00  7.347509358255e+11  5.559144430703e+10 -2.330591324005e+10  1.070130366907e+03  1.372882148418e+04  1.107012827732e+02
     551         2010J1  0.000000000000e+00  7.208678613211e+11  7.829855960673e+09 -1.330032246239e+10 -1.584061711752e+03  1.534885115358e+04 -5.050877023109e+02
     552         2010J2  0.000000000000e+00  7.244157254220e+11  1.033719350876e+10 -2.195267018344e+10 -2.193170898800e+03  1.475637886507e+04 -1.117150314006e+03
     553            Dia  0.000000000000e+00  7.525442089755e+11  2.301975986629e+10 -9.882933017456e+09 -2.494707932952e+01  1.605490130270e+04  8.057712337475e+01
     554         2016J1  0.000000000000e+00  7.514865541943e+11  1.378747479316e+10 -1.859887240809e+10 -2.092609409991e+03  1.205990381841e+04  1.677969727375e+03
     555        2003J18  0.000000000000e+00  7.282191078401e+11  9.529941454269e+09 -1.875258573457e+10 -2.247620014107e+03  1.473468648537e+04  1.348337423455e+03
     556         2011J2  0.000000000000e+00  7.598036281567e+11  1.193436952931e+10 -9.989939567065e+09 -1.025443942518e+03  1.181055452795e+04 -7.707245661915e+02
     557         Eirene  0.000000000000e+00  7.563607328255e+11  9.714179209443e+09 -2.236721801124e+10 -1.546524097558e+03  1.176150637284e+04  2.730482697869e+02
     558  Philophrosyne  0.000000000000e+00  7.256212774032e+11  2.426694266946e+10 -7.501880496679e+09 -2.067841481403e+03  1.640303213416e+04 -2.134694673455e+02
     559         2017J1  0.000000000000e+00  7.586730230053e+11  2.310361124419e+10 -1.409492579801e+10 -2.250292687739e+03  1.177071083413e+04  1.084270599963e+03
     560        Eupheme  0.000000000000e+00  7.600000699175e+11  3.631690492090e+10 -3.007207174515e+10  1.253028412286e+02  1.191438877089e+04  1.970484660266e+02
     561        2003J19  0.000000000000e+00  7.399534609574e+11  7.570771294758e+09 -1.894596166173e+10 -3.185489251816e+03  1.411795402124e+04 -5.441598289226e+02
     562       Valetudo  0.000000000000e+00  7.211337307202e+11  1.408403093013e+10 -1.912734037215e+10  4.761330810623e+02  1.231406961837e+04  1.149236468597e+03
     563         2017J2  0.000000000000e+00  7.362887196179e+11  5.245563330530e+10 -1.745041347168e+10  1.229392210728e+03  1.444230091694e+04  4.629730670502e+02
     564         2017J3  0.000000000000e+00  7.547529486261e+11  1.972901152125e+10 -6.560329100106e+09 -1.717423808163e+03  1.146315609959e+04 -8.533663737171e+02
     565         Pandia  0.000000000000e+00  7.312061657864e+11  1.922013421820e+10 -1.617101049682e+10  1.016206993446e+03  1.127247185574e+04  1.473914348493e+03
     566         2017J5  0.000000000000e+00  7.510902080449e+11  3.579033260556e+08 -1.881241504976e+10 -1.998998655531e+03  1.272790463887e+04 -4.953705689525e+02
     567         2017J6  0.000000000000e+00  7.417095889736e+11  5.574423647107e+10 -2.186325155019e+10  7.697295768750e+02  1.297803983995e+04  7.971204206376e+02
     568         2017J7  0.000000000000e+00  7.321688815213e+11  9.397732279173e+09 -4.058395262574e+09 -2.676237646284e+03  1.437603262533e+04  2.007982022252e+02
     569         2017J8  0.000000000000e+00  7.523346949321e+11  1.171472607063e+09 -2.302708918746e+10 -2.009751452214e+03  1.275836493787e+04 -2.487104619670e+02
     570         2017J9  0.000000000000e+00  7.405843354936e+11  6.667772574596e+09 -9.916375683854e+09 -2.831165884834e+03  1.343462529135e+04  7.730880965394e+02
     571           Ersa  0.000000000000e+00  7.446411304680e+11  3.622614206198e+10 -1.966534649003e+10 -3.235478943047e+03  1.557640204742e+04  1.476982486126e+03
     572         2011J1  0.000000000000e+00  7.257410715681e+11  1.709916873306e+10 -1.285322856064e+10 -2.528383629981e+03  1.595701298456e+04 -4.303330757736e+02
   55501         2003J2  0.000000000000e+00  7.549502049688e+11  4.441840419020e+10 -1.365107150111e+10  9.124263458172e+02  1.250605803788e+04  1.034515383713e+03
   55502         2003J4  0.000000000000e+00  7.254686994680e+11  6.497574198228e+09 -9.336471127908e+09 -2.234703112133e+03  1.437361465223e+04  9.599300158082e+02
   55503         2003J9  0.000000000000e+00  7.613760346482e+11  2.500435204553e+10 -1.296363244899e+10 -1.118007881029e+02  1.129559313148e+04 -3.715845036204e+02
   55504        2003J10  0.000000000000e+00  7.405888614858e+11  5.410125901665e+10 -1.535957173415e+10  1.171434454480e+03  1.313013389394e+04 -6.252507435369e+02
   55505        2003J12  0.000000000000e+00  7.257821557969e+11  4.100538304004e+10 -1.707587928197e+10  1.440282483451e+03  1.485444583669e+04  1.172391814763e+03
   55506        2003J16  0.000000000000e+00  7.281407498964e+11  1.059262166461e+10 -2.399725476325e+10 -2.493028233552e+03  1.467383895612e+04 -1.123471586756e+03
   55507        2003J23  0.000000000000e+00  7.644848609228e+11  3.313145694594e+10 -3.686439132009e+09 -1.836350674952e+00  1.200053463452e+04 -7.357145548014e+02
   55508        2003J24  0.000000000000e+00  7.217157841811e+11  1.562979184072e+10 -9.754346706071e+09 -1.325126182534e+03  1.599922809892e+04 -1.466186863821e+02
     599        Jupiter  1.898124199214e+27  7.393384015474e+11  2.751087911465e+10 -1.665506422474e+10 -6.353308043578e+02  1.366881345600e+04 -4.243836950109e+01
     601          Mimas  3.750937832221e+19  1.168866863556e+12 -8.979634621582e+11 -3.084700909359e+10  1.928649319049e+04  3.686976650957e+03  7.038883534344e+02
     602      Enceladus  1.080317842998e+20  1.168762508733e+12 -8.976443069542e+11 -3.100021219214e+10 -4.059804655760e+03  5.843641089906e+02  4.262782456112e+03
     603         Tethys  6.174428889675e+20  1.168625859061e+12 -8.978074898686e+11 -3.090231894475e+10  5.796441577713e+03 -2.321395539914e+03  5.073502213071e+03
     604          Dione  1.095485422707e+21  1.169294390163e+12 -8.978344833023e+11 -3.095225937031e+10  5.676739823896e+03  1.652527133385e+04 -5.030618282140e+03
     605           Rhea  2.306458585966e+21  1.168767192599e+12 -8.982496810753e+11 -3.068370735278e+10  1.344263787383e+04  5.171614511339e+03  2.168841533441e+02
     606          Titan  1.345180465701e+23  1.168389379231e+12 -8.967885250511e+11 -3.140245907165e+10  3.628452168794e+02  5.862790890618e+03  1.068094048373e+03
     607       Hyperion  5.551142692610e+18  1.169610322701e+12 -8.988193393585e+11 -3.048824538240e+10  1.012504011698e+04  1.023537454915e+04 -2.101768422347e+03
     608        Iapetus  1.805732030535e+21  1.171444452353e+12 -8.956479413149e+11 -3.193903091870e+10  3.173860087452e+03  1.018403330520e+04 -4.955155066776e+02
     609         Phoebe  8.312480339703e+18  1.156853230444e+12 -8.952295633825e+11 -2.942802737161e+10  5.422567923218e+03  9.422338817423e+03 -3.520509631186e+02
     610          Janus  0.000000000000e+00  1.169046074078e+12 -8.978861941715e+11 -3.090038696765e+10  1.383031708190e+04  1.918166906300e+04 -7.205112116436e+03
     611     Epimetheus  0.000000000000e+00  1.168924952632e+12 -8.979437092772e+11 -3.085921680659e+10  2.108019297754e+04  7.451316860705e+03 -1.662235991685e+03
     612         Helene  7.127936908454e+15  1.169054323817e+12 -8.975006268166e+11 -3.110220207692e+10 -3.938692333187e+03  1.123875834589e+04 -1.346760107205e+03
     613        Telesto  7.191763812288e+15  1.168781504632e+12 -8.980307214127e+11 -3.079272641370e+10  1.532422597811e+04  2.525520147656e+03  1.404384554631e+03
     614        Calypso  3.595881906144e+15  1.168766882306e+12 -8.975822912356e+11 -3.104033032349e+10 -4.342326869281e+03  2.751592825042e+03  2.967264177072e+03
     615          Atlas  0.000000000000e+00  1.169044483844e+12 -8.977639449578e+11 -3.096476858191e+10 -1.425519665508e+03  2.137914469767e+04 -6.887084005249e+03
     616     Prometheus  0.000000000000e+00  1.168856112860e+12 -8.976960614016e+11 -3.098207234544e+10 -9.299694533421e+03  1.584641662415e+03  4.246092548566e+03
     617        Pandora  0.000000000000e+00  1.169010526205e+12 -8.977162571873e+11 -3.098649927946e+10 -7.087820625265e+03  1.752951596127e+04 -4.306294840205e+03
     618            Pan  0.000000000000e+00  1.168927437356e+12 -8.979272027968e+11 -3.086788932867e+10  2.214524386854e+04  7.875220628067e+03 -2.095615137535e+03
     619           Ymir  0.000000000000e+00  1.153941555736e+12 -9.062343046368e+11 -2.987717172764e+10  4.787729840219e+03  9.188322453611e+03 -1.609945833039e+02
     620        Paaliaq  0.000000000000e+00  1.160818545175e+12 -8.955814914006e+11 -3.256090175596e+10  5.814097451302e+03  5.670835331767e+03 -1.840890390951e+03
     621         Tarvos  0.000000000000e+00  1.152372042801e+12 -9.140982150543e+11 -2.456732271807e+10  6.069213997922e+03  7.302999416307e+03 -9.784378448578e+02
     622         Ijiraq  0.000000000000e+00  1.180054822354e+12 -8.948242529160e+11 -4.162253070542e+10  4.733831238826e+03  8.586823991502e+03 -8.061576705281e+02
     623       Suttungr  0.000000000000e+00  1.151870645392e+12 -8.953319313860e+11 -2.912495241047e+10  5.522234510378e+03  9.191049433771e+03 -3.489511288804e+02
     624         Kiviuq  0.000000000000e+00  1.173783853206e+12 -8.929431747189e+11 -2.401358240873e+10  3.521349742875e+03  8.562310964820e+03  1.559589718852e+02
     625     Mundilfari  0.000000000000e+00  1.155496344562e+12 -8.905847183829e+11 -3.324760876356e+10  6.227887118223e+03  9.079750320471e+03 -1.449551688858e+02
     626       Albiorix  0.000000000000e+00  1.189264181292e+12 -8.960797107106e+11 -4.426302571260e+10  5.016408875473e+03  8.418397023726e+03 -7.890509482154e+01
     627         Skathi  0.000000000000e+00  1.155227538023e+12 -9.062078430538e+11 -2.152786940451e+10  4.934010711895e+03  8.849118091510e+03 -4.175855231596e+02
     628       Erriapus  0.000000000000e+00  1.158208568028e+12 -9.116888029057e+11 -1.707568909360e+10  5.833927095996e+03  6.661899019978e+03 -3.526116818075e+02
     629        Siarnaq  0.000000000000e+00  1.186439365380e+12 -8.978851261212e+11 -4.056384120244e+10  5.082772711214e+03  8.575141049953e+03  5.146325980419e+02
     630         Thrymr  0.000000000000e+00  1.191041112095e+12 -9.153602723620e+11 -3.317983854502e+10  4.686789878612e+03  6.997972436836e+03 -2.760399069211e+02
     631          Narvi  0.000000000000e+00  1.146243111628e+12 -8.944850149242e+11 -2.282131362325e+10  5.803924407147e+03  8.431132353224e+03  2.365164782108e+02
     632        Methone  0.000000000000e+00  1.168973187405e+12 -8.979760829803e+11 -3.084667789979e+10  1.873963920870e+04  1.056346964537e+04 -3.175425192965e+03
     633        Pallene  0.000000000000e+00  1.168708846403e+12 -8.977783368015e+11 -3.092523346759e+10  3.729342362322e+03 -4.043935468080e+03  5.899100631765e+03
     634     Polydeuces  0.000000000000e+00  1.169164647876e+12 -8.980801748952e+11 -3.080945665840e+10  1.289613655734e+04  1.289460722155e+04 -3.828575457735e+03
     636          Aegir  0.000000000000e+00  1.158657201281e+12 -8.749863622064e+11 -2.521177352814e+10  6.270294778711e+03  8.171402628790e+03 -3.666858534169e+02
     637       Bebhionn  0.000000000000e+00  1.190741444265e+12 -8.944774187231e+11 -3.330048470079e+10  5.419804746426e+03  8.469428183617e+03 -1.058288402909e+03
     638      Bergelmir  0.000000000000e+00  1.184278560860e+12 -8.905845015441e+11 -3.372980173659e+10  5.990983461063e+03  6.345612855692e+03 -9.232848607317e+02
     639         Bestla  0.000000000000e+00  1.186717824537e+12 -8.780458766434e+11 -4.954250061576e+10  5.971196307080e+03  7.442508270821e+03 -4.478902484482e+02
     640       Farbauti  0.000000000000e+00  1.192097664725e+12 -9.005255995135e+11 -2.864653213044e+10  5.346111180140e+03  6.544492886475e+03 -7.655256282296e+02
     641         Fenrir  0.000000000000e+00  1.156225115337e+12 -8.833674673463e+11 -2.586148958311e+10  6.441759699407e+03  8.569396759517e+03 -6.084139322264e+02
     642        Fornjot  0.000000000000e+00  1.154384210343e+12 -9.136466001093e+11 -2.687443984442e+10  4.235339374389e+03  8.452600150309e+03 -1.667320331562e+02
     643           Hati  0.000000000000e+00  1.154390776284e+12 -8.764112220073e+11 -3.483243520002e+10  6.076208529453e+03  8.281071000412e+03 -5.900405211991e+02
     644      Hyrrokkin  0.000000000000e+00  1.169233347115e+12 -9.190409066270e+11 -2.678696412494e+10  4.301594811193e+03  7.880195538930e+03 -8.858430217602e+02
     645           Kari  0.000000000000e+00  1.177825390191e+12 -9.271551132592e+11 -2.598894004087e+10  4.634121213530e+03  7.427008518473e+03  9.212234672108e+01
     646           Loge  0.000000000000e+00  1.147031924443e+12 -9.050737754507e+11 -2.926340808035e+10  4.757706436188e+03  8.740749579616e+03 -5.977209188373e+02
     647          Skoll  0.000000000000e+00  1.168508855178e+12 -9.229113945820e+11 -2.437006576278e+10  4.511207921465e+03  7.722459004019e+03 -8.351996220022e+01
     648         Surtur  0.000000000000e+00  1.185262499098e+12 -8.772082213776e+11 -3.564339552600e+10  5.799931988569e+03  6.683963022460e+03 -4.568573968149e+02
     649          Anthe  0.000000000000e+00  1.168817848352e+12 -8.976544723997e+11 -3.100021633048e+10 -6.490871688445e+03  1.803148589347e+03  3.857566405818e+03
     650       Jarnsaxa  0.000000000000e+00  1.160502692388e+12 -9.155873349395e+11 -2.815815013470e+10  4.275369195303e+03  8.394652882405e+03 -6.993829746173e+02
     651          Greip  0.000000000000e+00  1.186594370604e+12 -9.089471067802e+11 -2.987681322291e+10  4.396216715197e+03  6.817612994091e+03 -2.319213862044e+02
     652         Tarqeq  0.000000000000e+00  1.178655158547e+12 -8.856090617049e+11 -4.064453029269e+10  4.695709247513e+03  8.541453657381e+03  5.187812550789e+02
     653        Aegaeon  0.000000000000e+00  1.168945402606e+12 -8.979563721973e+11 -3.085434778597e+10  2.017750432482e+04  9.130617909485e+03 -2.562702235740e+03
     654          Gridr  0.000000000000e+00  1.148187496844e+12 -9.066142411976e+11 -2.755431427546e+10  5.001020943187e+03  8.708455315947e+03 -6.570069677927e+02
     655       Angrboda  0.000000000000e+00  1.178655536495e+12 -9.167279969330e+11 -3.122002990947e+10  4.079925155585e+03  7.269663350974e+03 -2.830329168608e+02
     656        Skrymir  0.000000000000e+00  1.185120429437e+12 -8.970618246210e+11 -3.159063312326e+10  6.052730957313e+03  6.094922096168e+03 -4.316842495887e+02
     657           Gerd  0.000000000000e+00  1.177546539140e+12 -8.754344920036e+11 -3.249168815759e+10  6.103908849011e+03  6.789921206658e+03 -4.296944034258e+02
     658        2004S26  0.000000000000e+00  1.198200668248e+12 -8.993496493675e+11 -3.085658970169e+10  5.161406794539e+03  6.593449292704e+03 -1.934554848135e+02
     659        Eggther  0.000000000000e+00  1.170486094833e+12 -8.755940484725e+11 -2.941789010206e+10  6.521938850517e+03  7.479932183798e+03 -9.555908499512e+01
     660        2004S29  0.000000000000e+00  1.180168547715e+12 -9.170614404684e+11 -2.304398374464e+10  6.168228922103e+03  7.648672277294e+03 -9.099571886590e+02
     661           Beli  0.000000000000e+00  1.152947664208e+12 -9.117322955245e+11 -2.366157155705e+10  4.582113315439e+03  8.570413889453e+03 -4.387306374091e+01
     662        Gunnlod  0.000000000000e+00  1.184772943994e+12 -8.779546282517e+11 -4.041925565021e+10  6.024848164513e+03  6.928956627749e+03 -3.451902149882e+02
     663        Thiazzi  0.000000000000e+00  1.190451001910e+12 -9.199902519661e+11 -2.432184666956e+10  4.960083513177e+03  6.836312728911e+03 -5.407190259166e+02
     664        2004S34  0.000000000000e+00  1.190571368110e+12 -8.967006858240e+11 -3.499388336261e+10  5.087484725096e+03  6.323721334794e+03 -8.573563506428e+01
     665        Alvaldi  0.000000000000e+00  1.172094563475e+12 -9.241378631987e+11 -2.971885195350e+10  4.281123275588e+03  7.567962495165e+03 -3.182253010064e+02
     666        Geirrod  0.000000000000e+00  1.155849127413e+12 -9.109402218880e+11 -3.926755041169e+10  4.829533201815e+03  8.912294742643e+03 -4.070308162107e+00
   65067        2004S31  0.000000000000e+00  1.167214856539e+12 -8.792726723531e+11 -2.283063251310e+10  4.446013532596e+03  7.462501780426e+03  5.130796146149e+02
   65070        2004S24  0.000000000000e+00  1.145708653266e+12 -8.914665785724e+11 -3.483781432710e+10  5.127403281279e+03  6.665836658462e+03 -1.064935623633e+03
   65077        2004S28  0.000000000000e+00  1.170168401250e+12 -9.162353517010e+11 -3.362695992936e+10  3.826758168189e+03  7.529170245851e+03 -4.589153102490e+02
   65079        2004S21  0.000000000000e+00  1.185029535928e+12 -8.771733246083e+11 -1.956932287464e+10  5.880327994878e+03  6.814345885800e+03 -4.338213438435e+02
   65081        2004S36  0.000000000000e+00  1.133038298528e+12 -8.997436196003e+11 -1.769085813361e+10  5.500976876196e+03  8.235600965793e+03 -2.881496714896e+02
   65082        2004S37  0.000000000000e+00  1.156529621191e+12 -9.177244277953e+11 -3.749560941003e+10  4.594536584657e+03  8.031069250087e+03 -2.709537408352e+02
   65084        2004S39  0.000000000000e+00  1.148950051747e+12 -8.835290396387e+11 -2.618110631736e+10  6.038562056477e+03  8.604804446852e+03 -1.934906472495e+02
   65085         2004S7  0.000000000000e+00  1.191783322437e+12 -8.803706305294e+11 -3.522425391862e+10  5.586442837007e+03  6.851094588268e+03 -1.191441330438e+02
   65086        2004S12  0.000000000000e+00  1.166131392370e+12 -9.103048595394e+11 -2.741916437392e+10  3.550433035064e+03  8.397530237291e+03 -2.819576517118e+02
   65087        2004S13  0.000000000000e+00  1.167438659927e+12 -9.121497224852e+11 -3.254819071393e+10  3.659317075347e+03  8.078798562739e+03  3.171308164125e+01
   65088        2004S17  0.000000000000e+00  1.178476059013e+12 -9.142516026909e+11 -2.693787140157e+10  4.036055211141e+03  7.141302061837e+03 -4.136313731024e+02
   65089         2006S1  0.000000000000e+00  1.160082412992e+12 -9.119375764933e+11 -2.399900653802e+10  4.113776606061e+03  8.400889267263e+03 -6.190467968206e+02
   65090         2006S3  0.000000000000e+00  1.145437351720e+12 -9.163896239314e+11 -2.741864823489e+10  4.813635056080e+03  8.173660326311e+03  4.350903099599e+01
   65091         2007S2  0.000000000000e+00  1.174607266583e+12 -8.873052664613e+11 -3.026770357133e+10  7.057181150243e+03  6.634639831122e+03 -3.117438100302e+02
   65092         2007S3  0.000000000000e+00  1.184140573737e+12 -8.844793529601e+11 -2.989222697510e+10  6.342509473574e+03  6.794696026329e+03 -3.233890833692e+02
   65093         2019S1  0.000000000000e+00  1.162036472407e+12 -8.863268371999e+11 -3.906370256650e+10  4.714845873423e+03  6.992914076828e+03  4.685037533664e+02
     699         Saturn  5.683172423961e+26  1.168919307905e+12 -8.978088208838e+11 -3.092915526437e+10  5.344275393793e+03  7.642355545302e+03 -3.459612418373e+02
     701          Ariel  0.000000000000e+00  2.046044123054e+12  2.116833511075e+12 -1.872079591549e+10 -6.894286187239e+03  5.537029765072e+03  5.108187927504e+03
     702        Umbriel  0.000000000000e+00  2.046148771713e+12  2.116855516348e+12 -1.839632114405e+10 -5.378281168451e+02  3.645710016040e+03  1.461651511049e+03
     703        Titania  0.000000000000e+00  2.045823462279e+12  2.116913412418e+12 -1.849539739285e+10 -3.601318880136e+03  4.593330516052e+03  3.461666819818e+03
     704         Oberon  0.000000000000e+00  2.046186534228e+12  2.116730432733e+12 -1.922453706977e+10 -8.024772278157e+03  5.096461956169e+03  1.531201020367e+02
     705        Miranda  0.000000000000e+00  2.046191987278e+12  2.116838547842e+12 -1.852440308445e+10  1.437944488045e+03  3.346141199639e+03  1.736096442091e+03
     706       Cordelia  0.000000000000e+00  2.046258656846e+12  2.116793116563e+12 -1.867347611520e+10 -1.083496290024e+04  4.420203147912e+03 -8.983379269901e+03
     707        Ophelia  0.000000000000e+00  2.046239331470e+12  2.116807757820e+12 -1.859762391131e+10  4.402411629841e+03  1.858665160610e+03 -3.665355850529e+03
     708         Bianca  0.000000000000e+00  2.046224127158e+12  2.116796077489e+12 -1.870527171288e+10 -1.458011917054e+04  6.351029371698e+03 -1.220962901562e+03
     709       Cressida  0.000000000000e+00  2.046172916336e+12  2.116809681995e+12 -1.868898282366e+10 -1.120007360048e+04  6.767503368366e+03  7.095959609843e+03
     710      Desdemona  0.000000000000e+00  2.046200673256e+12  2.116817528752e+12 -1.858821946641e+10  4.054768393949e+03  2.849152353613e+03  3.081113745019e+03
     711         Juliet  0.000000000000e+00  2.046257616428e+12  2.116803980405e+12 -1.859624042370e+10  2.284403141921e+03  2.041325759536e+03 -5.583385537039e+03
     712         Portia  0.000000000000e+00  2.046276875631e+12  2.116789169279e+12 -1.867283134591e+10 -8.779119226145e+03  4.065654382334e+03 -8.460804712022e+03
     713       Rosalind  0.000000000000e+00  2.046275597511e+12  2.116798477849e+12 -1.860780285838e+10 -1.074830387520e+02  2.330670109801e+03 -7.347035312763e+03
     714        Belinda  0.000000000000e+00  2.046221750749e+12  2.116815125972e+12 -1.857260634631e+10  3.622113305198e+03  2.518929415117e+03 -7.982100264658e+01
     715           Puck  0.000000000000e+00  2.046136529944e+12  2.116825748273e+12 -1.862946114503e+10 -3.059403604534e+03  5.061254085357e+03  8.046324709314e+03
     716        Caliban  0.000000000000e+00  2.050375900844e+12  2.121474078530e+12 -1.441735174526e+10 -4.210598597983e+03  4.063576229189e+03 -1.680172788716e+02
     717        Sycorax  0.000000000000e+00  2.040425339422e+12  2.126719587329e+12 -1.499472937046e+10 -4.632933796126e+03  5.030279219345e+03 -1.618973769574e+01
     718       Prospero  0.000000000000e+00  2.039786605027e+12  2.107406957612e+12 -1.038964419013e+10 -5.353633604672e+03  4.949551279336e+03 -5.034787881651e+01
     719        Setebos  0.000000000000e+00  2.039736533698e+12  2.135510441875e+12 -1.192640421572e+10 -4.674650123854e+03  4.786885998872e+03 -1.730373262461e+01
     720       Stephano  0.000000000000e+00  2.039436971813e+12  2.115736231972e+12 -1.855791480818e+10 -4.989031793304e+03  5.186143508158e+03  6.839271906947e+02
     721       Trinculo  0.000000000000e+00  2.036619782485e+12  2.113469339175e+12 -1.862760153231e+10 -5.119842007885e+03  5.051125027747e+03  2.409117215117e+02
     722      Francisco  0.000000000000e+00  2.047597226471e+12  2.113252071979e+12 -1.833808068817e+10 -5.899720535890e+03  3.859730787602e+03 -5.954127605870e+02
     723       Margaret  0.000000000000e+00  2.052255968388e+12  2.114326351253e+12 -2.428318744419e+10 -5.127295262619e+03  4.998407176119e+03  8.353900683598e+02
     724      Ferdinand  0.000000000000e+00  2.056543714356e+12  2.125662138642e+12 -1.902993265457e+10 -4.421442844676e+03  3.897793562740e+03 -7.397841618257e+01
     725        Perdita  0.000000000000e+00  2.046172037759e+12  2.116807192895e+12 -1.870786330580e+10 -1.164619641682e+04  6.603500253104e+03  5.236278782302e+03
     726            Mab  0.000000000000e+00  2.046195039399e+12  2.116823676133e+12 -1.855404687772e+10  2.366572353641e+03  3.111460731129e+03  2.128151285869e+03
     727          Cupid  0.000000000000e+00  2.046199704164e+12  2.116819491165e+12 -1.857680925247e+10  3.436359498182e+03  2.943283433541e+03  2.586030287539e+03
     799         Uranus  8.680985202721e+25  2.046218150058e+12  2.116805636714e+12 -1.864723319209e+10 -4.946307136071e+03  4.415800535222e+03  8.025193351788e+01
     801         Triton  2.140291384799e+22  4.445599672782e+12 -4.921928350638e+11 -9.245322241213e+10 -2.582423787170e+03  5.934128460829e+03  2.896407284782e+03
     802         Nereid  0.000000000000e+00  4.446369048012e+12 -4.827337971953e+11 -9.167716100902e+10  1.051146884714e+02  5.250656997645e+03 -1.634303408366e+02
     803          Naiad  1.278036360809e+17  4.445787767818e+12 -4.919445057957e+11 -9.234687631437e+10  1.067099485540e+04  1.164274999600e+04 -1.213638445524e+03
     804       Thalassa  3.534452256914e+17  4.445812101212e+12 -4.918909389149e+11 -9.234060013305e+10 -1.566938354018e+03  1.596505064051e+04  4.481950761850e+03
     805        Despina  1.748947062101e+18  4.445733721786e+12 -4.919472593192e+11 -9.232870561301e+10  8.525233965844e+03 -6.681080547549e+02 -5.570670504190e+03
     806        Galatea  2.845241558236e+18  4.445823960178e+12 -4.919014803135e+11 -9.234936662784e+10  1.057052443119e+03  1.538272254617e+04  3.219307924827e+03
     807        Larissa  3.818227270674e+18  4.445771170779e+12 -4.918363257571e+11 -9.230416525183e+10 -8.408782078714e+03  4.908952444474e+03  3.346282432934e+03
     808        Proteus  3.865573049105e+19  4.445789712071e+12 -4.920107073724e+11 -9.237550474512e+10  7.495919654065e+03  7.908416655594e+03 -2.116884343232e+03
     809       Halimede  0.000000000000e+00  4.456274804606e+12 -4.849283462641e+11 -9.472337331964e+10  7.020971952067e+02  5.151341856830e+03 -8.685873579455e+02
     810       Psamathe  0.000000000000e+00  4.475395126080e+12 -4.783964685812e+11 -1.365033417867e+11  7.905213566234e+02  5.211948062808e+03 -9.007447201960e+01
     811            Sao  0.000000000000e+00  4.453821965321e+12 -4.735402378452e+11 -8.935297050797e+10  1.725431582661e+02  5.462867691606e+03  3.382322787033e+02
     812      Laomedeia  0.000000000000e+00  4.435620255282e+12 -5.027677193625e+11 -9.182865444805e+10  8.868001794159e+02  4.894874913474e+03 -6.055182656852e+02
     813           Neso  0.000000000000e+00  4.386272431472e+12 -4.595965518349e+11 -1.409998845175e+11  6.004049836345e+02  5.603090980990e+03 -1.554357974887e+02
     814      Hippocamp  0.000000000000e+00  4.445738792482e+12 -4.920046833324e+11 -9.235155390475e+10  7.775440009298e+03  4.263233260194e+03 -3.533400086702e+03
     899        Neptune  1.024092179534e+26  4.445765945465e+12 -4.919062141290e+11 -9.232722401231e+10  5.621326908863e+02  5.434759316956e+03 -1.249710202842e+02
     901         Charon  1.586383234261e+21  2.371570948665e+12 -4.596520477813e+12 -1.941583747109e+11  4.829223950989e+03  1.244262481826e+03 -1.447312872323e+03
     902            Nix  4.494852382680e+16  2.371565121197e+12 -4.596541080051e+12 -1.941813054782e+11  4.865674332762e+03  1.255851677919e+03 -1.492320011294e+03
     903          Hydra  4.794509208192e+16  2.371603963250e+12 -4.596513853965e+12 -1.942050890562e+11  4.891593696018e+03  1.216099348765e+03 -1.602971256214e+03
     904       Kerberos  1.648112540316e+16  2.371616201142e+12 -4.596467324385e+12 -1.941527916229e+11  4.991868831180e+03  1.267258841160e+03 -1.696297248032e+03
     905           Styx  0.000000000000e+00  2.371583861678e+12 -4.596523801165e+12 -1.941857297746e+11  4.856001501033e+03  1.207579298579e+03 -1.553218802085e+03
     999          Pluto  1.302922860167e+22  2.371576315717e+12 -4.596506653948e+12 -1.941455638320e+11  4.981346632381e+03  1.319456679890e+03 -1.592167159747e+03
 2000001          Ceres  4.276344573286e+17 -2.553051635439e+11  2.817356677023e+11  5.570871083508e+10 -1.367176986042e+04 -1.345681386050e+04  2.093758050248e+03
 2000002         Pallas  4.171532856285e+17  1.328021115635e+11  2.598176189603e+11 -1.914573906037e+11 -2.038677220697e+04  4.628674911520e+03 -1.463216936938e+03
 2000004          Vesta  3.945453318224e+17  3.113776853971e+11 -1.429515478529e+11 -3.374081613701e+10  9.589139599945e+03  1.723854065844e+04 -1.682041005444e+03
 2000010         Hygiea  4.533197219215e+17 -1.518577337550e+11 -3.901830709935e+11 -1.574132621622e+10  1.729424721113e+04 -7.184968134744e+03  1.018445001030e+03
 2000015        Eunomia  4.117058691460e+17 -2.909194520376e+11 -3.523179882284e+11 -8.400979212281e+10  1.232590610629e+04 -9.073621187839e+03  1.628512156324e+03
 2000052         Europa  4.507473328857e+17 -3.365687705021e+11 -3.353154840645e+11  6.189092007296e+10  1.028278075977e+04 -1.276525109309e+04 -1.100682456711e+01
 2000065         Cybele  4.749442919233e+17  5.198315509810e+11  3.572526795496e+10 -1.541954788209e+10  7.267038128279e+02  1.574984289324e+04 -9.136794729837e+02
 2000087         Sylvia  4.787165967854e+17 -2.106060888528e+11 -4.722074018135e+11  1.196216614224e+10  1.496041719352e+04 -5.070188397119e+03 -3.033532193784e+03
 2000511         Davida  4.502026316911e+17  2.469212251460e+10 -5.588664902512e+11  4.117171474956e+10  1.334646474913e+04  7.498175721090e+02 -3.700355364021e+03
 2000704     Interamnia  4.452336023478e+17  3.400439307747e+11 -1.861803646396e+11  9.433605201633e+10  6.766879741890e+03  1.781489731967e+04  3.065118265711e+03
